255 255 255 255 255 255 255 255 255 255 255 255 255 255 255 255
255 255 255 255 255 255 255 255 255 255 255 255 255 255 255 255
255 255 239 191 119  64  64 112 159  64 207 119 191 239 255 255
255 255 191   0 119 207  16 207  64 255  64 119   0 191 255 255
255 255 119 119 124 166  48 150 173 119 166 124 119 119 255 255
255 255  64 207 207 159  96  96 159 207  16  64 112 255 255 255
255 255  48  48  55  48  64  64 255 112 207 213 191  48 255 255
255 255 191  48 205 239 207 207  64 207  64 153 191  48 255 255
255 255 191 239 132 207 191 239  64 112  48  34  64  64 255 255
255 255  48 239  71  64 191  96  16 207 191 136  16 159 255 255
255 255 112 112 255  64   0  48 239 191  16 166 143 143 255 255
255 255 119 119 124 105 102 150 197 150 105 183  48  89 255 255
255 255 191   0 119 207 191 143 255 207 159  50  48 191 255 255
255 255 239 191 119  64  96  48 207 159  64 199 239  96 255 255
255 255 255 255 255 255 255 255 255 255 255 255 255 255 255 255
255 255 255 255 255 255 255 255 255 255 255 255 255 255 255 255
255 255 255 255 255 255 255 255 255 255 255 255 255 255 255 255
255 255 255 255 255 255 255 255 255 255 255 255 255 255 255 255
255 255 239 191 119  64  64 112 159  64 207 119 191 239 255 255
255 255 191   0 119 207  16 207  64 255  64 119   0 191 255 255
255 255 119 119 124 166  48 150 173 119 166 124 119 119 255 255
255 255  64 207 207 159  96  96 159 207  16  64 112 255 255 255
255 255  48  48  55  48  64  64 255 112 207 213 191  48 255 255
255 255 191  48 205 239 207 207  64 207  64 153 191  48 255 255
255 255 191 239 132 207 191 239  64 112  48  34  64  64 255 255
255 255  48 239  71  64 191  96  16 207 191 136  16 159 255 255
255 255 112 112 255  64   0  48 239 191  16 166 143 143 255 255
255 255 119 119 124 105 102 150 197 150 105 183  48  89 255 255
255 255 191   0 119 207 191 143 255 207 159  50  48 191 255 255
255 255 239 191 119  64  96  48 207 159  64 199 239  96 255 255
255 255 255 255 255 255 255 255 255 255 255 255 255 255 255 255
255 255 255 255 255 255 255 255 255 255 255 255 255 255 255 255
255 255 255 255 255 255 255 255 255 255 255 255 255 255 255 255
255 255 255 255 255 255 255 255 255 255 255 255 255 255 255 255
255 255 239 191 119  64  64 112 159  64 207 119 191 239 255 255
255 255 191   0 119 207  16 207  64 255  64 119   0 191 255 255
255 255 119 119 124 166  48 150 173 119 166 124 119 119 255 255
255 255  64 207 207 159  96  96 159 207  16  64 112 255 255 255
255 255  48  48  55  48  64  64 255 112 207 213 191  48 255 255
255 255 191  48 205 239 207 207  64 207  64 153 191  48 255 255
255 255 191 239 132 207 191 239  64 112  48  34  64  64 255 255
255 255  48 239  71  64 191  96  16 207 191 136  16 159 255 255
255 255 112 112 255  64   0  48 239 191  16 166 143 143 255 255
255 255 119 119 124 105 102 150 197 150 105 183  48  89 255 255
255 255 191   0 119 207 191 143 255 207 159  50  48 191 255 255
255 255 239 191 119  64  96  48 207 159  64 199 239  96 255 255
255 255 255 255 255 255 255 255 255 255 255 255 255 255 255 255
255 255 255 255 255 255 255 255 255 255 255 255 255 255 255 255

255 255 255 255 255 255 255 255 255 255 255 255 255 255 255 255
255 255 255 255 255 255 255 255 255 255 255 255 255 255 255 255
255 255 239 191 119 255  48  48  64 159 143  89 191  96 255 255
255 255 191   0 119 112 191 191  64  16 143  48  48 239 255 255
255 255 119 119 124  64 213 153  34 136 166 183  50 199 255 255
255 255 207  64 166  16 207  64  48 191  16 105 159  64 255 255
255 255  64 255 119 207 112 207 112 207 191 150 207 159 255 255
255 255 159  64 173 159 255  64  64  16 239 197 255 207 255 255
255 255 112 207 150  96  64 207 239  96  48 150 143  48 255 255
255 255  64  16  48  96  64 207 191 191   0 102 191  96 255 255
255 255  64 207 166 159  48 239 207  64  64 105 207  64 255 255
255 255 119 119 124 207  55 205 132  71 255 124 119 119 255 255
255 255 191   0 119 207  48  48 239 239 112 119   0 191 255 255
255 255 239 191 119  64  48 191 191  48 112 119 191 239 255 255
255 255 255 255 255 255 255 255 255 255 255 255 255 255 255 255
255 255 255 255 255 255 255 255 255 255 255 255 255 255 255 255
255 255 255 255 255 255 255 255 255 255 255 255 255 255 255 255
255 255 255 255 255 255 255 255 255 255 255 255 255 255 255 255
255 255 239 191 119 255  48  48  64 159 143  89 191  96 255 255
255 255 191   0 119 112 191 191  64  16 143  48  48 239 255 255
255 255 119 119 124  64 213 153  34 136 166 183  50 199 255 255
255 255 207  64 166  16 207  64  48 191  16 105 159  64 255 255
255 255  64 255 119 207 112 207 112 207 191 150 207 159 255 255
255 255 159  64 173 159 255  64  64  16 239 197 255 207 255 255
255 255 112 207 150  96  64 207 239  96  48 150 143  48 255 255
255 255  64  16  48  96  64 207 191 191   0 102 191  96 255 255
255 255  64 207 166 159  48 239 207  64  64 105 207  64 255 255
255 255 119 119 124 207  55 205 132  71 255 124 119 119 255 255
255 255 191   0 119 207  48  48 239 239 112 119   0 191 255 255
255 255 239 191 119  64  48 191 191  48 112 119 191 239 255 255
255 255 255 255 255 255 255 255 255 255 255 255 255 255 255 255
255 255 255 255 255 255 255 255 255 255 255 255 255 255 255 255
255 255 255 255 255 255 255 255 255 255 255 255 255 255 255 255
255 255 255 255 255 255 255 255 255 255 255 255 255 255 255 255
255 255 239 191 119 255  48  48  64 159 143  89 191  96 255 255
255 255 191   0 119 112 191 191  64  16 143  48  48 239 255 255
255 255 119 119 124  64 213 153  34 136 166 183  50 199 255 255
255 255 207  64 166  16 207  64  48 191  16 105 159  64 255 255
255 255  64 255 119 207 112 207 112 207 191 150 207 159 255 255
255 255 159  64 173 159 255  64  64  16 239 197 255 207 255 255
255 255 112 207 150  96  64 207 239  96  48 150 143  48 255 255
255 255  64  16  48  96  64 207 191 191   0 102 191  96 255 255
255 255  64 207 166 159  48 239 207  64  64 105 207  64 255 255
255 255 119 119 124 207  55 205 132  71 255 124 119 119 255 255
255 255 191   0 119 207  48  48 239 239 112 119   0 191 255 255
255 255 239 191 119  64  48 191 191  48 112 119 191 239 255 255
255 255 255 255 255 255 255 255 255 255 255 255 255 255 255 255
255 255 255 255 255 255 255 255 255 255 255 255 255 255 255 255

255 255 255 255 255 255 255 255 255 255 255 255 255 255 255 255
255 255 212 200 231 198 248 221 239 202 197 197 182 182 234 255
255 229 118 185 165  51 159 166  93 115 104 125 149 187 182 255
255 234 193  53  43 109 163 226 159 134 213 131  13 149 182 255
255 218 103  33 183  92 116 142 107 114  96 112 127 126 197 255
255 240 145 112 114  15  87 157  62  52 126 185  80 127 197 255
255 255 125  88 135 151 173  41 104 170  98 152 213  69 228 255
255 236  73 106  92  88 161 113 163 182 169 105 208 156 249 255
255 197  74 216 161  60 140 115 146 156 188 147  82 150 255 255
255 228 135 207 123 146 110 221 142  98 113 123  92  39 220 255
255 197 189 142  87  57 144 157  88 107 102 155 213 114 234 255
255 197 123 133 117 129 147 170 128  94 135 114 131 125 197 255
255 182 149  13 133 115 226  98 148  84 221 133  13 149 182 255
255 182 187 149 128 189 102 165 148  62  82 123 149 187 182 255
255 234 182 182 197 197 248 221 221 248 197 197 182 182 234 255
255 255 255 255 255 255 255 255 255 255 255 255 255 255 255 255
255 255 255 255 255 255 255 255 255 255 255 255 255 255 255 255
255 255 212 200 231 198 248 221 239 202 197 197 182 182 234 255
255 229 118 185 165  51 159 166  93 115 104 125 149 187 182 255
255 234 193  53  43 109 163 226 159 134 213 131  13 149 182 255
255 218 103  33 183  92 116 142 107 114  96 112 127 126 197 255
255 240 145 112 114  15  87 157  62  52 126 185  80 127 197 255
255 255 125  88 135 151 173  41 104 170  98 152 213  69 228 255
255 236  73 106  92  88 161 113 163 182 169 105 208 156 249 255
255 197  74 216 161  60 140 115 146 156 188 147  82 150 255 255
255 228 135 207 123 146 110 221 142  98 113 123  92  39 220 255
255 197 189 142  87  57 144 157  88 107 102 155 213 114 234 255
255 197 123 133 117 129 147 170 128  94 135 114 131 125 197 255
255 182 149  13 133 115 226  98 148  84 221 133  13 149 182 255
255 182 187 149 128 189 102 165 148  62  82 123 149 187 182 255
255 234 182 182 197 197 248 221 221 248 197 197 182 182 234 255
255 255 255 255 255 255 255 255 255 255 255 255 255 255 255 255
255 255 255 255 255 255 255 255 255 255 255 255 255 255 255 255
255 255 212 200 231 198 248 221 239 202 197 197 182 182 234 255
255 229 118 185 165  51 159 166  93 115 104 125 149 187 182 255
255 234 193  53  43 109 163 226 159 134 213 131  13 149 182 255
255 218 103  33 183  92 116 142 107 114  96 112 127 126 197 255
255 240 145 112 114  15  87 157  62  52 126 185  80 127 197 255
255 255 125  88 135 151 173  41 104 170  98 152 213  69 228 255
255 236  73 106  92  88 161 113 163 182 169 105 208 156 249 255
255 197  74 216 161  60 140 115 146 156 188 147  82 150 255 255
255 228 135 207 123 146 110 221 142  98 113 123  92  39 220 255
255 197 189 142  87  57 144 157  88 107 102 155 213 114 234 255
255 197 123 133 117 129 147 170 128  94 135 114 131 125 197 255
255 182 149  13 133 115 226  98 148  84 221 133  13 149 182 255
255 182 187 149 128 189 102 165 148  62  82 123 149 187 182 255
255 234 182 182 197 197 248 221 221 248 197 197 182 182 234 255
255 255 255 255 255 255 255 255 255 255 255 255 255 255 255 255

255 255 255 255 255 255 255 255 255 255 255 255 255 255 255 255
255 234 182 182 197 197 229 249 255 221 235 197 182 182 234 255
255 182 188 150 127 128  70 157 151  40 114 126 150 188 182 255
255 182 150  14 128  80 214 208  83  93 214 132  14 150 182 255
255 197 126 132 113 185 152 105 147 123 155 115 133 123 197 255
255 197 105 214  97 127  98 169 189 114 103 135 221  82 197 255
255 203 115 134 115  53 171 183 157  99 108  94  85  62 249 255
255 239  93 160 107  62 105 164 146 142  89 129 148 148 222 255
255 222 167 226 142 157  41 113 115 221 158 170  99 166 222 255
255 249 159 164 117  87 173 162 140 111 145 148 226 103 249 255
255 198  51 110  92  15 152  89  61 146  58 130 115 189 197 255
255 231 166  43 183 115 135  93 161 123  87 118 134 128 197 255
255 200 185  54  33 113  88 107 217 207 143 133  14 150 182 255
255 212 118 193 103 146 125  73  75 136 189 123 150 188 182 255
255 255 230 235 218 240 255 236 197 229 197 197 182 182 234 255
255 255 255 255 255 255 255 255 255 255 255 255 255 255 255 255
255 255 255 255 255 255 255 255 255 255 255 255 255 255 255 255
255 234 182 182 197 197 229 249 255 221 235 197 182 182 234 255
255 182 188 150 127 128  70 157 151  40 114 126 150 188 182 255
255 182 150  14 128  80 214 208  83  93 214 132  14 150 182 255
255 197 126 132 113 185 152 105 147 123 155 115 133 123 197 255
255 197 105 214  97 127  98 169 189 114 103 135 221  82 197 255
255 203 115 134 115  53 171 183 157  99 108  94  85  62 249 255
255 239  93 160 107  62 105 164 146 142  89 129 148 148 222 255
255 222 167 226 142 157  41 113 115 221 158 170  99 166 222 255
255 249 159 164 117  87 173 162 140 111 145 148 226 103 249 255
255 198  51 110  92  15 152  89  61 146  58 130 115 189 197 255
255 231 166  43 183 115 135  93 161 123  87 118 134 128 197 255
255 200 185  54  33 113  88 107 217 207 143 133  14 150 182 255
255 212 118 193 103 146 125  73  75 136 189 123 150 188 182 255
255 255 230 235 218 240 255 236 197 229 197 197 182 182 234 255
255 255 255 255 255 255 255 255 255 255 255 255 255 255 255 255
255 255 255 255 255 255 255 255 255 255 255 255 255 255 255 255
255 234 182 182 197 197 229 249 255 221 235 197 182 182 234 255
255 182 188 150 127 128  70 157 151  40 114 126 150 188 182 255
255 182 150  14 128  80 214 208  83  93 214 132  14 150 182 255
255 197 126 132 113 185 152 105 147 123 155 115 133 123 197 255
255 197 105 214  97 127  98 169 189 114 103 135 221  82 197 255
255 203 115 134 115  53 171 183 157  99 108  94  85  62 249 255
255 239  93 160 107  62 105 164 146 142  89 129 148 148 222 255
255 222 167 226 142 157  41 113 115 221 158 170  99 166 222 255
255 249 159 164 117  87 173 162 140 111 145 148 226 103 249 255
255 198  51 110  92  15 152  89  61 146  58 130 115 189 197 255
255 231 166  43 183 115 135  93 161 123  87 118 134 128 197 255
255 200 185  54  33 113  88 107 217 207 143 133  14 150 182 255
255 212 118 193 103 146 125  73  75 136 189 123 150 188 182 255
255 255 230 235 218 240 255 236 197 229 197 197 182 182 234 255
255 255 255 255 255 255 255 255 255 255 255 255 255 255 255 255
